date,appointments_start_date,min_age,age_group,age_group_population_released,total_age_group_population_released,source_url,source_text,notes
2021-01-06,2021-01-06,80,≥80,33500,33500,https://www.pio.gov.cy/coronavirus/uploads/06012021--Ενημέρωση%20για%20την%20πορεία%20υλοποίησης%20του%20Εθνικού%20Εμβολιαστικού%20Πλάνου%20για%20την%20COVID-19.pdf,"Με αφορμή τη λειτουργία της Πύλης Εμβολιασμού για την COVID-19, που σηματοδότησε την έναρξη της β’ φάσης του Εθνικού Πλάνου Εμβολιασμού, με σειρά προτεραιότητας να έχουν τα άτομα ηλικίας άνω των 80 ετών, το Υπουργείο Υγείας ενημερώνει ότι τα πέραν των 3,000 ραντεβού που διατέθηκαν χθες για τα άτομα που εμπίπτουν στην πιο πάνω πληθυσμιακή ομάδα, εξαντλήθηκαν αυθημερόν. ",
2021-01-10,2021-01-18,80,≥80,0,33500,"https://www.pio.gov.cy/coronavirus/uploads/10012021--Άλλα%203,960%20ραντεβού%20για%20εμβολιασμό%20στη%20διάθεση%20των%20πολιτών%20ηλικίας%20άνω%20των%2080%20ετών.pdf","Άλλα 3,960 ραντεβού για εμβολιασμό κατά της νόσου COVID-19 θα είναι στη διάθεση των πολιτών από αύριο, 11 Ιανουαρίου 2021, μέσω της Πύλης Εμβολιασμού. Οι πολίτες που εμπίπτουν στην β’ φάση του προγράμματος, άτομα άνω των 80 ετών, θα έχουν τη δυνατότητα να διευθετήσουν διαδικτυακά τα ραντεβού τους, οι ίδιοι ή με τη βοήθεια ατόμων από το οικείο τους περιβάλλον.",
2021-01-16,2021-01-18,80,≥80,0,33500,https://www.pio.gov.cy/coronavirus/uploads/16012021--Συνεχίζεται%20η%20εμβολιαστική%20κάλυψη%20των%20πολιτών%20κατά%20της%20COVID.pdf,"Ταυτόχρονα, την Δευτέρα, 18 Ιανουαρίου 2021, στις 9 το πρωί, θα τεθούν στη διάθεση των πολιτών ηλικίας άνω των 80 ετών 3,466 ραντεβού για τα εννέα Κέντρα Εμβολιασμού που λειτουργούν παγκύπρια.",
2021-01-23,2021-01-27,90,≥80,0,33500,https://www.pio.gov.cy/coronavirus/uploads/23012021--Ραντεβού%20για%20εμβολιασμό%20για%20τα%20άτομα%20άνω%20των%2090%20ετών.pdf,"Μετά τη διαφοροποίηση της διαδικασίας για τη διευθέτηση ραντεβού για εμβολιασμό κατά της COVID-19, απόρροια της ενθαρρυντικής και μεγάλης ανταπόκρισης που έδειξαν οι πολίτες τις προηγούμενες εβδομάδες, συνεχίζεται η υλοποίηση του Εθνικού Πλάνου Εμβολιασμού με τη διάθεση 5,448 ραντεβού μόνο για τα άτομα ηλικίας άνω των 90 ετών. ",The minimum age eligible for vaccination was raised from 80 to 90 years old to give priority to older people. 
2021-01-26,2021-01-27,88,≥80,0,33500,https://www.pio.gov.cy/coronavirus/uploads/26012021--Ραντεβού%20για%20εμβολιασμό%20πολιτών%20άνω%20των%2088%20ετών.pdf,"Στο πλαίσιο υλοποίησης του Εθνικού Πλάνου Εμβολιασμού για την COVID- 19, ενημερώνονται οι πολίτες ότι από την Τετάρτη, 27 Ιανουαρίου 2021, στις 9 το πρωί, η Πύλη Εμβολιασμού θα είναι διαθέσιμη για διευθέτηση ραντεβού για τα άτομα ηλικίας άνω των 88 ετών, που δεν έχουν εμβολιαστεί το προηγούμενο διάστημα ή δεν έχουν διευθετήσει ήδη ραντεβού. Τα ραντεβού αφορούν την περίοδο από τις 27 Ιανουαρίου μέχρι τις 5 Φεβρουαρίου.",
2021-01-28,2021-01-29,86,≥80,0,33500,https://www.pio.gov.cy/coronavirus/uploads/28012021--Ανοίγει%20η%20Πύλη%20Εμβολιασμού%20για%20άτομα%20άνω%20των%2080%20ετών.pdf,"Συνεχίζοντας την υλοποίηση του Εθνικού Πλάνου Εμβολιασμού για την COVID- 19, το Υπουργείο Υγείας ανακοινώνει ότι από την Παρασκευή, 29 Ιανουαρίου 2021, στις 9 το πρωί, η Πύλη Εμβολιασμού θα είναι διαθέσιμη για διευθέτηση ραντεβού για τα άτομα ηλικίας άνω των 86 ετών, που δεν έχουν εμβολιαστεί το προηγούμενο διάστημα ή δεν έχουν διευθετήσει ήδη ραντεβού.",
2021-01-30,2021-02-08,84,≥80,0,33500,https://www.pio.gov.cy/coronavirus/uploads/30012021--Νέα%20ραντεβού%20για%20εμβολιασμό%20-%20Ανοίγει%20η%20Πύλη%20Εμβολισμού%20για%20τους%20άνω%20των%2084.pdf,"Το Εθνικό Πλάνο Εμβολιασμού για την COVID-19 συνεχίζεται με τη διάθεση από τη Δευτέρα, 1 Φεβρουαρίου, στις 9 το πρωί, άλλων 3,904 ραντεβού. Πρόσβαση στην Πύλη Εμβολιασμού από την 1η Φεβρουαρίου θα έχουν τα άτομα ηλικίας άνω των 84 ετών, τα οποία δεν έχουν διευθετήσει ραντεβού τις προηγούμενες εβδομάδες ή δεν έχουν ήδη εμβολιαστεί. Τα ραντεβού αφορούν την περίοδο από τις 8 μέχρι τις 12 Φεβρουαρίου. ",
2021-02-02,2021-02-08,83,≥80,0,33500,https://www.pio.gov.cy/coronavirus/uploads/02022021--Ραντεβού%20για%20εμβολιασμό%20για%20τα%20άτομα%2083%20ετών%20και%20άνω.pdf,"Στη διάθεση των ατόμων ηλικίας άνω των 83 ετών τίθεται από αύριο, 3 Φεβρουαρίου 2021, στις 9 το πρωί η Πύλη Εμβολιασμού, στο πλαίσιο υλοποίησης του Εθνικού Πλάνου Εμβολιασμού για την COVID-19. Τα ραντεβού είναι διαθέσιμα για όσα άτομα άνω των 83 ετών δεν έχουν διευθετήσει ραντεβού τις προηγούμενες εβδομάδες ή δεν έχουν ήδη εμβολιαστεί και αφορούν την περίοδο από τις 8 μέχρι τις 15 Φεβρουαρίου 2021.",
2021-02-05,2021-02-08,80,≥80,0,33500,"https://www.pio.gov.cy/coronavirus/uploads/05022021--Στη%20διάθεση%20των%20ατόμων%20άνω%20των%2080%20ετών%2010,058%20ραντεβού%20για%20εμβολιασμό%20για%20την%20COVID-19.pdf","Για τα άτομα ηλικίας άνω των 80 ετών διατίθενται από αύριο, 6 Φεβρουαρίου, στις 9 το πρωί 10,058 ραντεβού για εμβολιασμό στο πλαίσιο της υλοποίησης του Εθνικού Πλάνου Εμβολιασμού για την COVID-19. Μέσω της Πύλης Εμβολιασμού, τα ενδιαφερόμενα άτομα θα μπορούν να διευθετήσουν ραντεβού για την περίοδο από τις 8 μέχρι τις 21 Φεβρουαρίου στα Κέντρα Εμβολιασμού που λειτουργούν σε όλες της Επαρχίες.",
2021-02-08,2021-02-09,79,79-75,27700,61200,https://www.pio.gov.cy/coronavirus/uploads/08022021--Διάθεση%20ραντεβού%20για%20εμβολιασμό%20στα%20άτομα%20άνω%20των%2079%20ετών.pdf,"Συγκεκριμένα, από αύριο, 9 Φεβρουαρίου, στις 9 το πρωί, πρόσβαση στην Πύλη Εμβολιασμού για τη διευθέτηση ραντεβού θα έχουν τα άτομα ηλικίας 79 ετών και άνω. Τα ραντεβού θα αφορούν την περίοδο 9-20 Φεβρουαρίου σε όλες τις Επαρχίες.",
2021-02-11,2021-02-12,76,79-75,0,61200,https://www.pio.gov.cy/coronavirus/uploads/11022021--Ραντεβού%20για%20εμβολιασμό%20για%20άτομα%20άνω%20των%2076%20ετών.pdf,"Πρόσβαση στην Πύλη Εμβολιασμού για τη διευθέτηση ραντεβού για εμβολιασμό για την COVID-19 θα έχουν από αύριο, 12 Φεβρουαρίου, στις 9 το πρωί, τα άτομα ηλικίας άνω των 76 ετών. Συνολικά θα διατεθούν 9,264 ραντεβού για τα Κέντρα Εμβολιασμού που λειτουργούν σε όλες τις Επαρχίες. 
",
2021-02-16,2021-02-17,74,74-70,38700,99900,https://www.pio.gov.cy/coronavirus/uploads/16022021--Ραντεβού%20για%20εμβολιασμό%20για%20άτομα%2074%20ετών%20και%20άνω.pdf,"Προς επίτευξη του προγραμματισμού, από αύριο, 17 Φεβρουαρίου, στις 9 το πρωί, θα διατεθούν μέσω της Πύλης Εμβολιασμού 9,096 ραντεβού για εμβολιασμό των ατόμων ηλικίας 74 ετών και άνω για τα Κέντρα Εμβολιασμού που λειτουργούν σε όλες τις Επαρχίες.",
2021-02-22,2021-02-23,71,74-70,0,99900,https://www.pio.gov.cy/coronavirus/uploads/22022021--Ραντεβού%20για%20εμβολιασμό%20ατόμων%20ηλικίας%2071%20ετών%20και%20άνω.pdf,"Προς επίτευξη του σχεδιασμού, το Υπουργείο Υγείας ανακοινώνει ότι από αύριο, 23 Φεβρουαρίου, στις 9 το πρωί, θα διατεθούν 16,904 ραντεβού για εμβολιασμό για τα άτομα ηλικίας 71 ετών και άνω για όλα τα Κέντρα Εμβολιασμού παγκύπρια. ",
2021-03-02,2021-03-03,69,69-65,44900,144800,"https://www.pio.gov.cy/coronavirus/uploads/02032021--Ανοίγει%20η%20Πύλη%20Εμβολιασμού%20για%20τα%20άτομα%20ηλικίας%2069%20ετών%20και%20άνω%20με%2017,496%20ραντεβού.pdf","Προτεραιότητα για διευθέτηση ραντεβού θα έχουν από την Τετάρτη, 3 Μαρτίου, στις 9 το πρωί τα άτομα ηλικίας 69 ετών και άνω, στο πλαίσιο των σχεδιασμών του Εθνικού Πλάνου Εμβολιασμού για την COVID-19.",
2021-03-08,2021-03-09,67,69-65,0,144800,https://www.pio.gov.cy/coronavirus/uploads/08032021--Ραντεβού%20για%20εμβολιασμό%20κατά%20της%20COVID-19.pdf,"Στο πλαίσιο υλοποίησης του Εθνικού Πλάνου Εμβολιασμού για την COVID-19, ανοίγει η Πύλη Εμβολιασμού την Τρίτη, 9 Μαρτίου, στις 8 το πρωί, με 22,808 ραντεβού για τα Κέντρα Εμβολιασμού που λειτουργούν σε όλες τις Επαρχίες. Προτεραιότητα για τη διευθέτηση ραντεβού θα έχουν τα άτομα ηλικίας 67 ετών και άνω.",
2021-03-22,2021-03-20,66,69-65,0,144800,https://www.pio.gov.cy/coronavirus/uploads/19032021--Ραντεβού%20για%20άτομα%20ηλικίας%2066%20ετών%20και%20άνω.pdf,"Συνεπώς, το Σάββατο, 20 Μαρτίου, στις 8 το πρωί και μέχρι την Κυριακή, 21 Μαρτίου, στις 7 το βράδυ, θα διατεθούν μέσω της Πύλης Εμβολιασμού 8,934 νέα ραντεβού για τα άτομα ηλικίας 66 ετών και άνω.",
2021-03-31,2021-04-01,64,64-60,49700,194500,https://www.pio.gov.cy/coronavirus/uploads/31032021--Ραντεβού%20για%20εμβολιασμό%20για%20τους%2064%20και%20άνω.pdf,"Συγκεκριμένα, από αύριο, 1η Απριλίου, στις 8 το πρωί, μέχρι και την Κυριακή, 4 Απριλίου, στις 7 το βράδυ, θα διατεθούν μέσω της Πύλης Εμβολιασμού 17,814 ραντεβού για εμβολιασμό των ατόμων ηλικίας 64 ετών και άνω.",
2021-04-06,2021-04-07,61,64-60,0,194500,https://www.pio.gov.cy/coronavirus/uploads/06042021--Ραντεβού%20για%20εμβολιασμό%20ατόμων%20ηλικίας%2061%20ετών%20και%20άνω.pdf,"Διάθεση 19,378 ραντεβού για τα άτομα ηλικίας 61 ετών και άνω στις 7-8 Απριλίου",
2021-04-08,2021-04-09,59,59-55,54500,249000,https://www.pio.gov.cy/coronavirus/uploads/08042021--Ραντεβού%20για%20εμβιλιασμό%20των%20ατομων%2059%20και%2060%20ετών.pdf,"Συγκεκριμένα, προτεραιότητα για τη διευθέτηση ραντεβού θα έχουν την Παρασκευή, 9 Απριλίου, από τις 8 το πρωί μέχρι τις 8 το βράδυ, μόνο τα άτομα ηλικίας 59 και 60 ετών. Θα διατεθούν συνολικά 15,020 ραντεβού για εμβολιασμό στα Κέντρα Εμβολιασμού παγκύπρια.  
",
2021-04-09,2021-04-10,57,59-55,0,249000,https://www.pio.gov.cy/coronavirus/uploads/09042021--Ραντεβού%20για%20εμβολιασμό%20των%20ηλικιών%2057%20και%2058%20ετών.pdf,"Προτεραιότητα για διευθέτηση ραντεβού για εμβολιασμό κατά της COVID-19 θα έχουν το Σάββατο, 10 Απριλίου, από τις 8 το πρωί μέχρι τις 8 το βράδυ, τα άτομα ηλικίας 57 και 58 ετών μόνο. ",
2021-04-12,2021-04-13,55,59-55,0,249000,https://www.pio.gov.cy/coronavirus/uploads/12042021--Ραντεβού%20για%20εμβολιασμό%20την%20περίοδο%2013-17%20Απριλίου.pdf,"Ηλικιακή ομάδα 55-56: Από την Τρίτη, 13 Απριλίου, στις 8 το πρωί μέχρι και την Τετάρτη, 14 Απριλίου, στις 8 το βράδυ. Θα διατεθούν 20,000 ραντεβού. 	",
2021-04-15,2021-04-16,53,54-50,53100,302100,https://www.pio.gov.cy/coronavirus/uploads/15042021--Ραντεβού%20για%20τους%2053-54%20ετων%20-%20Συμπληρώνονται%20200χιλιάδες%20εμβολιασμοί.pdf,"Διαθέσιμα στις 16-17 Απριλίου 15,000 ραντεβού για εμβολιασμό των ατόμων ηλικίας 53-54 ετών 	",
2021-04-18,2021-04-19,51,54-50,0,302100,https://www.pio.gov.cy/coronavirus/uploads/18042021--Διαθεσιμότητα%20ραντεβού%20για%20άτομα%20ηλικίας%2051-52.pdf,"16,000 ραντεβού διαθέσιμα για τα άτομα ηλικίας 51-52 ετών από τις 19 Απριλίου, στις 7:30 το πρωί, μέχρι τις 20 Απριλίου, στις 8 το βράδυ",
2021-04-20,2021-04-21,49,49-45,53100,355200,https://www.pio.gov.cy/coronavirus/uploads/20042021--Ραντεβού%20για%20εμβολιασμό%20για%20τα%20άτομα%20ηλικίας%2049-50.pdf,"Συγκεκριμένα, από την Τετάρτη, 21 Απριλίου 2021, στις 7:30 το πρωί, μέχρι την Πέμπτη, 22 Απριλίου, στις 8 το βράδυ, θα διατεθούν 16,000 ραντεβού για εμβολιασμό των ατόμων ηλικίας 49 και 50 ετών μόνο. ",
2021-04-21,2021-04-22,47,49-45,0,355200,https://www.pio.gov.cy/coronavirus/uploads/21042021--Επιταχύνει%20ρυθμό%20το%20εμβολιαστικό%20πλάνο%20-%20Προγραμματισμός%20για%2022-25%20Απριλίου.pdf,"47-48: Πέμπτη, 22 Απριλίου, από τις 7:30 το πρωί μέχρι τις 8 το βράδυ",
2021-04-21,2021-04-23,45,49-45,0,355200,https://www.pio.gov.cy/coronavirus/uploads/21042021--Επιταχύνει%20ρυθμό%20το%20εμβολιαστικό%20πλάνο%20-%20Προγραμματισμός%20για%2022-25%20Απριλίου.pdf,"45-46: Παρασκευή, 23 Απριλίου, από τις 7:30 το πρωί μέχρι τις 8 το βράδυ",
2021-04-25,2021-04-26,43,44-40,58300,413500,https://www.pio.gov.cy/coronavirus/uploads/25042021--Ραντεβού%20για%20εμβολιασμό%20των%2043-44.pdf,"το Υπουργείο Υγείας ανακοινώνει ότι τη Δευτέρα, 26 Απριλίου, από τις 7:30 το πρωί μέχρι τις 8 το βράδυ, προτεραιότητα για τη διευθέτηση ραντεβού για εμβολιασμό θα έχουν τα άτομα ηλικίας 43 και 44 ετών μόνο. ",